0.000000 1.179062
0.041667 1.182635
0.083333 1.182635
0.125000 1.182635
0.166667 1.182635
0.208333 1.182635
0.250000 1.182635
0.291667 1.182635
0.333333 1.182635
0.375000 1.182635
0.416667 1.182635
0.458333 1.179062
0.500000 1.179062
0.541667 1.182635
0.583333 1.182635
0.625000 1.182635
0.666667 1.182635
0.708333 1.182635
0.750000 1.182635
0.791667 1.182635
0.833333 1.186208
0.875000 1.186208
0.916667 1.186208
0.958333 1.186208
1.000000 1.186208
1.041667 1.186208
1.083333 1.186208
1.125000 1.186208
1.166667 1.186208
1.208333 1.186208
1.249958 1.189781
1.291625 1.189781
1.333292 1.189781
1.374958 1.189781
1.416625 1.189781
1.458292 1.189781
1.499958 1.189781
1.541625 1.193354
1.583292 1.193354
1.624958 1.193354
1.666625 1.193354
1.708292 1.193354
1.749958 1.193354
1.791625 1.193354
1.833292 1.193354
1.874958 1.193354
1.916625 1.193354
1.958292 1.193354
1.999958 1.193354
2.041625 1.193354
2.083292 1.193354
2.124958 1.193354
2.166625 1.193354
2.208292 1.193354
2.249958 1.193354
2.291625 1.189781
2.333292 1.189781
2.374958 1.186208
2.416625 1.182635
2.458292 1.182635
2.499958 1.182635
2.541625 1.182635
2.583292 1.182635
2.624958 1.182635
2.666625 1.182635
2.708292 1.179062
2.749958 1.179062
2.791625 1.179062
2.833292 1.179062
2.874958 1.175490
2.916625 1.171917
2.958292 1.168344
2.999958 1.168344
3.041625 1.161198
3.083292 1.157625
3.124958 1.154052
3.166625 1.154052
3.208292 1.154052
3.249958 1.157625
3.291625 1.157625
3.333292 1.164771
3.374958 1.171917
3.416625 1.179062
3.458292 1.186208
3.499958 1.196927
3.541625 1.193354
3.583292 1.200500
3.624958 1.200500
3.666625 1.200500
3.708292 1.200500
3.749958 1.200500
3.791625 1.196927
3.833292 1.193354
3.874958 1.189781
3.916625 1.186208
3.958292 1.182635
3.999958 1.179062
4.041625 1.179062
4.083292 1.182635
4.124958 1.189781
4.166625 1.193354
4.208292 1.196927
4.249958 1.196927
4.291625 1.196927
4.333292 1.196927
4.374958 1.196927
4.416625 1.193354
4.458292 1.189781
4.499958 1.186208
4.541625 1.179062
4.583292 1.175490
4.624958 1.171917
4.666625 1.171917
4.708292 1.171917
4.749958 1.175490
4.791625 1.186208
4.833292 1.193354
4.874958 1.200500
4.916625 1.204073
4.958292 1.207646
4.999958 1.211219
5.041625 1.207646
5.083292 1.204073
5.124958 1.196927
5.166625 1.189781
5.208292 1.182635
5.249958 1.175490
5.291625 1.171917
5.333292 1.171917
5.374958 1.179062
5.416625 1.182635
5.458292 1.186208
5.499958 1.193354
5.541625 1.193354
5.583292 1.193354
5.624958 1.189781
5.666625 1.189781
5.708292 1.186208
5.749958 1.182635
5.791625 1.179062
5.833292 1.175490
5.874958 1.164771
5.916625 1.157625
5.958292 1.157625
5.999958 1.164771
6.041625 1.168344
6.083292 1.175490
6.124958 1.182635
6.166625 1.186208
6.208292 1.189781
6.249958 1.189781
6.291625 1.189781
6.333292 1.189781
6.374958 1.186208
6.416625 1.182635
6.458292 1.179062
6.499958 1.175490
6.541625 1.171917
6.583292 1.171917
6.624958 1.171917
6.666625 1.179062
6.708292 1.182635
6.749958 1.186208
6.791625 1.186208
6.833292 1.189781
6.874958 1.189781
6.916625 1.186208
6.958292 1.182635
6.999958 1.182635
7.041625 1.175490
7.083292 1.175490
7.124958 1.186208
7.166625 1.207646
7.208292 1.232656
7.249958 1.221938
7.291625 1.200500
7.333292 1.196927
7.374958 1.204073
7.416625 1.207646
7.458292 1.207646
7.499958 1.204073
7.541625 1.200500
7.583292 1.196927
7.624958 1.189781
7.666625 1.182635
7.708292 1.175490
7.749958 1.175490
7.791625 1.175490
7.833292 1.179062
7.874958 1.186208
7.916625 1.193354
7.958292 1.196927
7.999958 1.196927
8.041625 1.200500
8.083292 1.196927
8.124958 1.196927
8.166625 1.193354
8.208292 1.189781
8.249958 1.179062
8.291625 1.175490
8.333292 1.164771
8.374958 1.168344
8.416625 1.171917
8.458292 1.179062
8.499958 1.186208
8.541625 1.193354
8.583292 1.196927
8.624958 1.200500
8.666625 1.200500
8.708292 1.200500
8.749958 1.196927
8.791625 1.193354
8.833292 1.189781
8.874958 1.186208
8.916625 1.182635
8.958292 1.179062
8.999958 1.179062
9.041625 1.182635
9.083292 1.186208
9.124958 1.189781
9.166625 1.189781
9.208292 1.196927
9.249958 1.200500
9.291625 1.196927
9.333292 1.196927
9.374958 1.193354
9.416625 1.186208
9.458292 1.186208
9.499958 1.186208
9.541625 1.196927
9.583292 1.218365
9.624958 1.221938
9.666625 1.193354
9.708292 1.189781
9.749958 1.196927
9.791625 1.200500
9.833292 1.204073
9.874958 1.207646
9.916625 1.204073
9.958292 1.204073
9.999958 1.200500
10.041625 1.196927
10.083292 1.193354
10.124958 1.189781
10.166625 1.189781
10.208292 1.196927
10.249958 1.200500
10.291625 1.204073
10.333292 1.204073
10.374958 1.207646
10.416625 1.207646
10.458292 1.204073
10.499958 1.204073
10.541625 1.196927
10.583292 1.193354
10.624958 1.182635
10.666625 1.171917
10.708292 1.175490
10.749958 1.171917
10.791625 1.179062
10.833292 1.186208
10.874958 1.189781
10.916625 1.193354
10.958292 1.200500
10.999958 1.200500
11.041625 1.200500
11.083292 1.196927
11.124958 1.193354
11.166625 1.189781
11.208292 1.186208
11.249958 1.182635
11.291625 1.179062
11.333292 1.179062
11.374958 1.182635
11.416625 1.189781
11.458292 1.196927
11.499958 1.200500
11.541625 1.200500
11.583292 1.204073
11.624958 1.200500
11.666625 1.196927
11.708292 1.193354
11.749958 1.186208
11.791625 1.179062
11.833292 1.175490
11.874958 1.175490
11.916625 1.179062
11.958292 1.186208
11.999958 1.193354
12.041625 1.204073
12.083292 1.207646
12.124958 1.211219
12.166625 1.211219
12.208292 1.207646
12.249958 1.207646
12.291625 1.196927
12.333292 1.189781
12.374958 1.186208
12.416625 1.179062
12.458292 1.182635
12.499958 1.193354
12.541625 1.204073
12.583292 1.196927
12.624958 1.204073
12.666625 1.207646
12.708292 1.207646
12.749958 1.207646
12.791625 1.200500
12.833292 1.196927
12.874958 1.189781
12.916625 1.189781
12.958292 1.179062
12.999958 1.182635
13.041625 1.189781
13.083292 1.204073
13.124958 1.211219
13.166625 1.207646
13.208292 1.214792
13.249958 1.218365
13.291625 1.221938
13.333292 1.218365
13.374958 1.218365
13.416625 1.211219
13.458292 1.204073
13.499958 1.204073
13.541625 1.196927
13.583292 1.196927
13.624958 1.196927
13.666625 1.207646
13.708292 1.211219
13.749958 1.218365
13.791625 1.214792
13.833292 1.218365
13.874958 1.221938
13.916625 1.218365
13.958292 1.211219
13.999958 1.211219
14.041625 1.204073
14.083292 1.196927
14.124958 1.200500
14.166625 1.207646
14.208292 1.204073
14.249958 1.204073
14.291625 1.211219
14.333292 1.211219
14.374958 1.214792
14.416625 1.214792
14.458292 1.214792
14.499958 1.214792
14.541625 1.211219
14.583292 1.204073
14.624958 1.196927
14.666625 1.193354
14.708292 1.189781
14.749958 1.186208
14.791625 1.186208
14.833292 1.189781
14.874958 1.196927
14.916625 1.200500
14.958292 1.200500
14.999958 1.207646
15.041625 1.207646
15.083292 1.211219
15.124958 1.211219
15.166625 1.207646
15.208292 1.200500
15.249958 1.196927
15.291625 1.193354
15.333292 1.196927
15.374958 1.193354
15.416625 1.200500
15.458292 1.196927
15.499958 1.200500
15.541625 1.200500
15.583292 1.204073
15.624958 1.204073
15.666625 1.204073
15.708292 1.204073
15.749958 1.200500
15.791625 1.196927
15.833292 1.189781
15.874958 1.182635
15.916625 1.179062
15.958292 1.179062
15.999958 1.179062
16.041625 1.186208
16.083292 1.189781
16.124958 1.189781
16.166625 1.196927
16.208292 1.200500
16.249958 1.200500
16.291625 1.196927
16.333292 1.193354
16.374958 1.186208
16.416625 1.179062
16.458292 1.175490
16.499958 1.171917
16.541625 1.175490
16.583292 1.179062
16.624958 1.182635
16.666625 1.189781
16.708292 1.193354
16.749958 1.196927
16.791625 1.207646
16.833292 1.211219
16.874958 1.207646
16.916625 1.204073
16.958292 1.196927
16.999958 1.193354
17.041625 1.189781
17.083292 1.186208
17.124958 1.186208
17.166625 1.193354
17.208292 1.193354
17.249958 1.204073
17.291625 1.207646
17.333292 1.211219
17.374958 1.214792
17.416625 1.214792
17.458292 1.211219
17.499958 1.204073
17.541625 1.196927
17.583292 1.196927
17.624958 1.200500
17.666625 1.189781
17.708292 1.186208
17.749958 1.186208
17.791625 1.193354
17.833292 1.200500
17.874958 1.207646
17.916625 1.207646
17.958292 1.214792
17.999958 1.214792
18.041625 1.214792
18.083292 1.211219
18.124958 1.204073
18.166625 1.196927
18.208292 1.193354
18.249958 1.189781
18.291625 1.189781
18.333292 1.200500
18.374958 1.207646
18.416625 1.211219
18.458292 1.214792
18.499958 1.218365
18.541625 1.214792
18.583292 1.211219
18.624958 1.207646
18.666625 1.207646
18.708292 1.200500
18.749958 1.193354
18.791625 1.189781
18.833292 1.182635
18.874958 1.186208
18.916625 1.186208
18.958292 1.193354
18.999958 1.200500
19.041625 1.207646
19.083292 1.211219
19.124958 1.214792
19.166625 1.214792
19.208292 1.214792
19.249958 1.211219
19.291625 1.204073
19.333292 1.196927
19.374958 1.193354
19.416625 1.193354
19.458292 1.193354
19.499958 1.196927
19.541625 1.211219
19.583292 1.214792
19.624958 1.211219
19.666625 1.214792
19.708292 1.211219
19.749958 1.211219
19.791625 1.207646
19.833292 1.207646
19.874958 1.200500
19.916625 1.189781
19.958292 1.186208
19.999958 1.196927
20.041625 1.207646
20.083292 1.214792
20.124958 1.214792
20.166625 1.214792
20.208292 1.221938
20.249958 1.218365
20.291625 1.218365
20.333292 1.214792
20.374958 1.211219
20.416625 1.204073
20.458292 1.196927
20.499958 1.193354
20.541625 1.196927
20.583292 1.200500
20.624958 1.207646
20.666625 1.211219
20.708292 1.211219
20.749958 1.218365
20.791625 1.218365
20.833292 1.218365
20.874958 1.214792
20.916625 1.211219
20.958292 1.196927
20.999958 1.193354
21.041625 1.189781
21.083292 1.193354
21.124958 1.189781
21.166625 1.196927
21.208292 1.196927
21.249958 1.200500
21.291625 1.200500
21.333292 1.200500
21.374958 1.204073
21.416625 1.204073
21.458292 1.204073
21.499958 1.196927
21.541625 1.193354
21.583292 1.186208
21.624958 1.182635
21.666625 1.182635
21.708292 1.182635
21.749958 1.186208
21.791625 1.193354
21.833292 1.196927
21.874958 1.200500
21.916625 1.204073
21.958292 1.207646
21.999958 1.207646
22.041625 1.200500
22.083292 1.193354
22.124958 1.189781
22.166625 1.186208
22.208292 1.182635
22.249958 1.182635
22.291625 1.179062
22.333292 1.186208
22.374958 1.193354
22.416625 1.196927
22.458292 1.200500
22.499958 1.204073
22.541625 1.204073
22.583292 1.204073
22.624958 1.200500
22.666625 1.193354
22.708292 1.189781
22.749958 1.182635
22.791625 1.179062
22.833292 1.179062
22.874958 1.186208
22.916625 1.193354
22.958292 1.196927
22.999958 1.200500
23.041625 1.196927
23.083292 1.200500
23.124958 1.196927
23.166625 1.196927
23.208292 1.193354
23.249958 1.189781
23.291625 1.182635
23.333292 1.175490
23.374958 1.175490
23.416625 1.179062
23.458292 1.179062
23.499958 1.179062
23.541625 1.182635
23.583292 1.186208
23.624958 1.193354
23.666625 1.193354
23.708292 1.193354
23.749958 1.193354
23.791625 1.189781
23.833292 1.186208
23.874958 1.182635
23.916625 1.179062
23.958292 1.175490
23.999958 1.175490
24.041625 1.179062
24.083292 1.182635
24.124958 1.186208
24.166625 1.189781
24.208292 1.193354
24.249958 1.196927
24.291625 1.193354
24.333292 1.189781
24.374958 1.186208
24.416625 1.182635
24.458292 1.182635
24.499958 1.179062
24.541625 1.175490
24.583292 1.175490
24.624958 1.175490
24.666625 1.179062
24.708292 1.179062
24.749958 1.182635
24.791625 1.189781
24.833292 1.189781
24.874958 1.193354
24.916625 1.189781
24.958292 1.186208
24.999958 1.182635
25.041625 1.175490
25.083292 1.168344
25.124958 1.164771
25.166625 1.168344
25.208292 1.171917
25.249958 1.179062
25.291625 1.186208
25.333292 1.189781
25.374958 1.193354
25.416625 1.196927
25.458292 1.196927
25.499958 1.196927
25.541625 1.193354
25.583292 1.189781
25.624958 1.186208
25.666625 1.182635
25.708292 1.179062
25.749958 1.179062
25.791625 1.189781
25.833292 1.196927
25.874958 1.200500
25.916625 1.204073
25.958292 1.207646
25.999958 1.207646
26.041625 1.207646
26.083292 1.207646
26.124958 1.200500
26.166625 1.193354
26.208292 1.186208
26.249958 1.182635
26.291625 1.179062
26.333292 1.182635
26.374958 1.186208
26.416625 1.196927
26.458292 1.204073
26.499958 1.204073
26.541625 1.207646
26.583292 1.207646
26.624958 1.204073
26.666625 1.196927
26.708292 1.193354
26.749958 1.186208
26.791625 1.179062
26.833292 1.179062
26.874958 1.179062
26.916625 1.182635
26.958292 1.189781
26.999958 1.193354
27.041625 1.200500
27.083292 1.207646
27.124958 1.204073
27.166625 1.204073
27.208292 1.200500
27.249958 1.196927
27.291625 1.186208
27.333292 1.179062
27.374958 1.175490
27.416625 1.171917
27.458292 1.179062
27.499958 1.186208
27.541625 1.193354
27.583292 1.193354
27.624958 1.200500
27.666625 1.207646
27.708292 1.211219
27.749958 1.207646
27.791625 1.207646
27.833292 1.214792
27.874958 1.200500
27.916625 1.196927
27.958292 1.196927
27.999958 1.189781
28.041625 1.186208
28.083292 1.193354
28.124958 1.193354
28.166625 1.204073
28.208292 1.204073
28.249958 1.211219
28.291625 1.221938
28.333292 1.214792
28.374958 1.211219
28.416625 1.200500
28.458292 1.196927
28.499958 1.193354
28.541625 1.186208
28.583292 1.182635
28.624958 1.182635
28.666625 1.182635
28.708292 1.186208
28.749958 1.193354
28.791625 1.196927
28.833292 1.196927
28.874958 1.196927
28.916625 1.196927
28.958292 1.193354
28.999958 1.186208
29.041625 1.179062
29.083292 1.175490
29.124958 1.175490
29.166625 1.171917
29.208292 1.161198
29.249958 1.171917
29.291625 1.175490
29.333292 1.175490
29.374958 1.179062
29.416625 1.186208
29.458292 1.182635
29.499958 1.182635
29.541625 1.182635
29.583292 1.179062
29.624958 1.179062
29.666625 1.175490
29.708292 1.175490
29.749958 1.175490
29.791625 1.179062
29.833292 1.182635
29.874958 1.186208
29.916625 1.193354
29.958292 1.196927
29.999958 1.196927
30.041625 1.196927
30.083292 1.196927
30.124958 1.189781
30.166625 1.182635
30.208292 1.179062
30.249958 1.175490
30.291625 1.168344
30.333292 1.168344
30.374958 1.168344
30.416625 1.171917
30.458292 1.175490
30.499958 1.179062
30.541625 1.182635
30.583292 1.186208
30.624958 1.189781
30.666625 1.189781
30.708292 1.186208
30.749958 1.186208
30.791625 1.186208
30.833292 1.182635
30.874958 1.179062
30.916625 1.182635
30.958292 1.182635
30.999958 1.182635
31.041625 1.186208
31.083292 1.189781
31.124958 1.193354
31.166625 1.196927
31.208292 1.196927
31.249958 1.196927
31.291625 1.196927
31.333292 1.193354
31.374958 1.182635
31.416625 1.171917
31.458292 1.171917
31.499958 1.168344
31.541625 1.171917
31.583292 1.179062
31.624958 1.182635
31.666625 1.182635
31.708292 1.182635
31.749958 1.186208
31.791625 1.189781
31.833292 1.193354
31.874958 1.189781
31.916625 1.186208
31.958292 1.182635
31.999958 1.179062
32.041625 1.175490
32.083292 1.171917
32.124958 1.171917
32.166625 1.175490
32.208292 1.179062
32.249958 1.182635
32.291625 1.189781
32.333292 1.193354
32.374958 1.193354
32.416625 1.193354
32.458292 1.186208
32.499958 1.186208
32.541625 1.186208
32.583292 1.186208
32.624958 1.186208
32.666625 1.175490
32.708292 1.175490
32.749958 1.175490
32.791625 1.175490
32.833292 1.182635
32.874958 1.186208
32.916625 1.189781
32.958292 1.193354
32.999958 1.193354
33.041625 1.193354
33.083292 1.186208
33.124958 1.182635
33.166625 1.179062
33.208292 1.175490
33.249958 1.171917
33.291625 1.171917
33.333292 1.179062
33.374958 1.186208
33.416625 1.193354
33.458292 1.193354
33.499958 1.196927
33.541625 1.196927
33.583292 1.193354
33.624958 1.189781
33.666625 1.182635
33.708292 1.179062
33.749958 1.171917
33.791625 1.168344
33.833292 1.168344
33.874958 1.171917
33.916625 1.179062
33.958292 1.182635
33.999958 1.182635
34.041625 1.186208
34.083292 1.189781
34.124958 1.189781
34.166625 1.186208
34.208292 1.186208
34.249958 1.186208
34.291625 1.179062
34.333292 1.175490
34.374958 1.171917
34.416625 1.175490
34.458292 1.182635
34.499958 1.189781
34.541625 1.193354
34.583292 1.196927
34.624958 1.200500
34.666625 1.200500
34.708292 1.196927
34.749958 1.196927
34.791625 1.189781
34.833292 1.182635
34.874958 1.179062
34.916625 1.175490
34.958292 1.175490
34.999958 1.179062
35.041625 1.186208
35.083292 1.186208
35.124958 1.193354
35.166625 1.196927
35.208292 1.196927
35.249958 1.196927
35.291625 1.193354
35.333292 1.193354
35.374958 1.193354
35.416625 1.186208
35.458292 1.179062
35.499958 1.179062
35.541625 1.179062
35.583292 1.179062
35.624958 1.179062
35.666625 1.182635
35.708292 1.186208
35.749958 1.189781
35.791625 1.189781
35.833292 1.186208
35.874958 1.182635
35.916625 1.179062
35.958292 1.164771
35.999958 1.157625
36.041625 1.164771
36.083292 1.175490
36.124958 1.175490
36.166625 1.164771
36.208292 1.193354
36.249958 1.171917
36.291625 1.171917
36.333292 1.175490
36.374958 1.175490
36.416625 1.175490
36.458292 1.175490
36.499958 1.171917
36.541625 1.168344
36.583292 1.164771
36.624958 1.164771
36.666625 1.164771
36.708292 1.164771
36.749958 1.168344
36.791625 1.179062
36.833292 1.186208
36.874958 1.189781
36.916625 1.189781
36.958292 1.193354
36.999958 1.193354
37.041625 1.193354
37.083292 1.189781
37.124958 1.189781
37.166625 1.182635
37.208292 1.182635
37.249958 1.175490
37.291625 1.179062
37.333292 1.186208
37.374958 1.189781
37.416625 1.189781
37.458292 1.196927
37.499958 1.200500
37.541625 1.204073
37.583292 1.204073
37.624958 1.204073
37.666625 1.200500
37.708292 1.200500
37.749958 1.193354
37.791625 1.189781
37.833292 1.186208
37.874958 1.186208
37.916625 1.189781
37.958292 1.193354
37.999958 1.193354
38.041625 1.196927
38.083292 1.196927
38.124958 1.196927
38.166625 1.196927
38.208292 1.193354
38.249958 1.189781
38.291625 1.189781
38.333292 1.182635
38.374958 1.179062
38.416625 1.175490
38.458292 1.171917
38.499958 1.175490
38.541625 1.182635
38.583292 1.182635
38.624958 1.189781
38.666625 1.193354
38.708292 1.193354
38.749958 1.193354
38.791625 1.189781
38.833292 1.186208
38.874958 1.182635
38.916625 1.175490
38.958292 1.168344
38.999958 1.164771
39.041625 1.164771
39.083292 1.168344
39.124958 1.175490
39.166625 1.182635
39.208292 1.186208
39.249958 1.189781
39.291625 1.193354
39.333292 1.189781
39.374958 1.186208
39.416625 1.182635
39.458292 1.179062
39.499958 1.175490
39.541625 1.171917
39.583292 1.168344
39.624958 1.164771
39.666625 1.168344
39.708292 1.171917
39.749958 1.179062
39.791625 1.182635
39.833292 1.186208
39.874958 1.186208
39.916625 1.182635
39.958292 1.179062
39.999958 1.179062
40.041625 1.171917
40.083292 1.171917
40.124958 1.171917
40.166625 1.171917
40.208292 1.171917
40.249958 1.175490
40.291625 1.182635
40.333292 1.186208
40.374958 1.189781
40.416625 1.193354
40.458292 1.193354
40.499958 1.189781
40.541625 1.186208
40.583292 1.182635
40.624958 1.175490
40.666625 1.171917
40.708292 1.168344
40.749958 1.164771
40.791625 1.168344
40.833292 1.175490
40.874958 1.186208
40.916625 1.189781
40.958292 1.193354
40.999958 1.193354
41.041625 1.193354
41.083292 1.189781
41.124958 1.182635
41.166625 1.179062
41.208292 1.171917
41.249958 1.164771
41.291625 1.161198
41.333292 1.161198
41.374958 1.164771
41.416625 1.175490
41.458292 1.186208
41.499958 1.189781
41.541625 1.186208
41.583292 1.186208
41.624958 1.186208
41.666625 1.182635
41.708292 1.179062
41.749958 1.171917
41.791625 1.168344
41.833292 1.168344
41.874958 1.171917
41.916625 1.171917
41.958292 1.175490
41.999958 1.175490
42.041625 1.182635
42.083292 1.186208
42.124958 1.189781
42.166625 1.189781
42.208292 1.186208
42.249958 1.182635
42.291625 1.179062
42.333292 1.175490
42.374958 1.168344
42.416625 1.168344
42.458292 1.175490
42.499958 1.179062
42.541625 1.182635
42.583292 1.193354
42.624958 1.196927
42.666625 1.200500
42.708292 1.204073
42.749958 1.200500
42.791625 1.207646
42.833292 1.214792
42.874958 1.211219
42.916625 1.186208
42.958292 1.175490
42.999958 1.175490
43.041625 1.175490
43.083292 1.182635
43.124958 1.182635
43.166625 1.186208
43.208292 1.186208
43.249958 1.189781
43.291625 1.186208
43.333292 1.186208
43.374958 1.182635
43.416625 1.182635
43.458292 1.179062
43.499958 1.175490
43.541625 1.175490
43.583292 1.175490
43.624958 1.179062
43.666625 1.182635
43.708292 1.186208
43.749958 1.189781
43.791625 1.193354
43.833292 1.196927
43.874958 1.196927
43.916625 1.193354
43.958292 1.186208
43.999958 1.182635
44.041625 1.175490
44.083292 1.171917
44.124958 1.164771
44.166625 1.168344
44.208292 1.171917
44.249958 1.175490
44.291625 1.175490
44.333292 1.179062
44.374958 1.179062
44.416625 1.186208
44.458292 1.186208
44.499958 1.182635
44.541625 1.182635
44.583292 1.179062
44.624958 1.175490
44.666625 1.171917
44.708292 1.171917
44.749958 1.171917
44.791625 1.171917
44.833292 1.175490
44.874958 1.182635
44.916625 1.186208
44.958292 1.189781
44.999958 1.189781
45.041625 1.189781
45.083292 1.186208
45.124958 1.186208
45.166625 1.179062
45.208292 1.175490
45.249958 1.171917
45.291625 1.161198
45.333292 1.164771
45.374958 1.168344
45.416625 1.164771
45.458292 1.171917
45.499958 1.175490
45.541625 1.179062
45.583292 1.179062
45.624958 1.182635
45.666625 1.186208
45.708292 1.186208
45.749958 1.186208
45.791625 1.182635
45.833292 1.179062
45.874958 1.175490
45.916625 1.175490
45.958292 1.175490
45.999958 1.179062
46.041625 1.186208
46.083292 1.186208
46.124958 1.189781
46.166625 1.189781
46.208292 1.189781
46.249958 1.186208
46.291625 1.182635
46.333292 1.171917
46.374958 1.171917
46.416625 1.168344
46.458292 1.164771
46.499958 1.161198
46.541625 1.164771
46.583292 1.168344
46.624958 1.175490
46.666625 1.175490
46.708292 1.179062
46.749958 1.182635
46.791625 1.186208
46.833292 1.189781
46.874958 1.189781
46.916625 1.186208
46.958292 1.179062
46.999958 1.175490
47.041625 1.168344
47.083292 1.164771
47.124958 1.168344
47.166625 1.171917
47.208292 1.171917
47.249958 1.179062
47.291625 1.182635
47.333292 1.186208
47.374958 1.182635
47.416625 1.179062
47.458292 1.175490
47.499958 1.171917
47.541625 1.164771
47.583292 1.157625
47.624958 1.146906
47.666625 1.146906
47.708292 1.154052
47.749958 1.164771
47.791625 1.168344
47.833292 1.175490
47.874958 1.179062
47.916625 1.186208
47.958292 1.186208
47.999958 1.182635
48.041625 1.179062
48.083292 1.175490
48.124958 1.168344
48.166625 1.168344
48.208292 1.168344
48.249958 1.168344
48.291625 1.175490
48.333292 1.182635
48.374958 1.189781
48.416625 1.193354
48.458292 1.193354
48.499958 1.193354
48.541625 1.189781
48.583292 1.186208
48.624958 1.179062
48.666625 1.175490
48.708292 1.168344
48.749958 1.171917
48.791625 1.175490
48.833292 1.175490
48.874958 1.168344
48.916625 1.171917
48.958292 1.175490
48.999958 1.179062
49.041625 1.182635
49.083292 1.182635
49.124958 1.179062
49.166625 1.175490
49.208292 1.171917
49.249958 1.168344
49.291625 1.164771
49.333292 1.161198
49.374958 1.164771
49.416625 1.168344
49.458292 1.175490
49.499958 1.182635
49.541625 1.186208
49.583292 1.189781
49.624958 1.189781
49.666625 1.186208
49.708292 1.186208
49.749958 1.175490
49.791625 1.175490
49.833292 1.179062
49.874958 1.168344
49.916625 1.168344
49.958292 1.168344
49.999958 1.179062
50.041625 1.179062
50.083292 1.179062
50.124958 1.182635
50.166625 1.186208
50.208292 1.182635
50.249958 1.182635
50.291625 1.179062
50.333292 1.175490
50.374958 1.171917
50.416625 1.168344
50.458292 1.164771
50.499958 1.164771
50.541625 1.164771
50.583292 1.164771
50.624958 1.168344
50.666625 1.175490
50.708292 1.179062
50.749958 1.179062
50.791625 1.179062
50.833292 1.175490
50.874958 1.171917
50.916625 1.164771
50.958292 1.157625
50.999958 1.154052
51.041625 1.154052
51.083292 1.161198
51.124958 1.164771
51.166625 1.168344
51.208292 1.168344
51.249958 1.171917
51.291625 1.179062
51.333292 1.182635
51.374958 1.182635
51.416625 1.182635
51.458292 1.179062
51.499958 1.175490
51.541625 1.171917
51.583292 1.164771
51.624958 1.161198
51.666625 1.164771
51.708292 1.168344
51.749958 1.171917
51.791625 1.179062
51.833292 1.182635
51.874958 1.189781
51.916625 1.189781
51.958292 1.189781
51.999958 1.186208
52.041625 1.179062
52.083292 1.175490
52.124958 1.164771
52.166625 1.168344
52.208292 1.171917
52.249958 1.179062
52.291625 1.179062
52.333292 1.171917
52.374958 1.175490
52.416625 1.179062
52.458292 1.182635
52.499958 1.182635
52.541625 1.182635
52.583292 1.175490
52.624958 1.168344
52.666625 1.164771
52.708292 1.161198
52.749958 1.154052
52.791625 1.157625
52.833292 1.161198
52.874958 1.161198
52.916625 1.168344
52.958292 1.175490
52.999958 1.175490
53.041625 1.179062
53.083292 1.175490
53.124958 1.171917
53.166625 1.168344
53.208292 1.161198
53.249958 1.154052
53.291625 1.150479
53.333292 1.150479
53.374958 1.150479
53.416625 1.154052
53.458292 1.157625
53.499958 1.164771
53.541625 1.168344
53.583292 1.175490
53.624958 1.175490
53.666625 1.175490
53.708292 1.175490
53.749958 1.171917
53.791625 1.168344
53.833292 1.164771
53.874958 1.161198
53.916625 1.161198
53.958292 1.164771
53.999958 1.168344
54.041625 1.171917
54.083292 1.179062
54.124958 1.179062
54.166625 1.182635
54.208292 1.175490
54.249958 1.168344
54.291625 1.164771
54.333292 1.154052
54.374958 1.157625
54.416625 1.157625
54.458292 1.154052
54.499958 1.154052
54.541625 1.154052
54.583292 1.161198
54.624958 1.168344
54.666625 1.175490
54.708292 1.179062
54.749958 1.182635
54.791625 1.182635
54.833292 1.182635
54.874958 1.179062
54.916625 1.171917
54.958292 1.164771
54.999958 1.157625
55.041625 1.154052
55.083292 1.154052
55.124958 1.157625
55.166625 1.168344
55.208292 1.175490
55.249958 1.175490
55.291625 1.179062
55.333292 1.179062
55.374958 1.175490
55.416625 1.168344
55.458292 1.164771
55.499958 1.157625
55.541625 1.154052
55.583292 1.150479
55.624958 1.150479
55.666625 1.154052
55.708292 1.157625
55.749958 1.164771
55.791625 1.171917
55.833292 1.179062
55.874958 1.182635
55.916625 1.182635
55.958292 1.179062
55.999958 1.175490
56.041625 1.168344
56.083292 1.164771
56.124958 1.157625
56.166625 1.157625
56.208292 1.161198
56.249958 1.164771
56.291625 1.168344
56.333292 1.175490
56.374958 1.186208
56.416625 1.189781
56.458292 1.189781
56.499958 1.186208
56.541625 1.182635
56.583292 1.179062
56.624958 1.171917
56.666625 1.164771
56.708292 1.157625
56.749958 1.157625
56.791625 1.157625
56.833292 1.161198
56.874958 1.164771
56.916625 1.168344
56.958292 1.171917
56.999958 1.171917
57.041625 1.171917
57.083292 1.171917
57.124958 1.168344
57.166625 1.168344
57.208292 1.164771
57.249958 1.161198
57.291625 1.157625
57.333292 1.161198
57.374958 1.164771
57.416625 1.168344
57.458292 1.175490
57.499958 1.182635
57.541625 1.186208
57.583292 1.186208
57.624958 1.186208
57.666625 1.182635
57.708292 1.179062
57.749958 1.171917
57.791625 1.164771
57.833292 1.164771
57.874958 1.179062
57.916625 1.175490
57.958292 1.171917
57.999958 1.161198
58.041625 1.161198
58.083292 1.168344
58.124958 1.175490
58.166625 1.179062
58.208292 1.175490
58.249958 1.175490
58.291625 1.171917
58.333292 1.168344
58.374958 1.168344
58.416625 1.164771
58.458292 1.161198
58.499958 1.157625
58.541625 1.157625
58.583292 1.161198
58.624958 1.168344
58.666625 1.175490
58.708292 1.179062
58.749958 1.179062
58.791625 1.175490
58.833292 1.175490
58.874958 1.175490
58.916625 1.171917
58.958292 1.164771
58.999958 1.161198
59.041625 1.154052
59.083292 1.150479
59.124958 1.154052
59.166625 1.157625
59.208292 1.164771
59.249958 1.164771
59.291625 1.168344
59.333292 1.175490
59.374958 1.175490
59.416625 1.171917
59.458292 1.168344
59.499958 1.164771
59.541625 1.161198
59.583292 1.157625
59.624958 1.157625
59.666625 1.157625
59.708292 1.161198
59.749958 1.164771
59.791625 1.168344
59.833292 1.175490
59.874958 1.179062
59.916625 1.182635
59.958292 1.182635
59.999958 1.179062
60.041625 1.179062
60.083292 1.175490
60.124958 1.161198
60.166625 1.154052
60.208292 1.150479
60.249958 1.150479
60.291625 1.150479
60.333292 1.154052
60.374958 1.161198
60.416625 1.164771
60.458292 1.168344
60.499958 1.171917
60.541625 1.171917
60.583292 1.175490
60.624958 1.175490
60.666625 1.171917
60.708292 1.164771
60.749958 1.161198
60.791625 1.157625
60.833292 1.154052
60.874958 1.150479
60.916625 1.150479
60.958292 1.154052
60.999958 1.157625
61.041625 1.168344
61.083292 1.175490
61.124958 1.179062
61.166625 1.182635
61.208292 1.186208
61.249958 1.186208
61.291625 1.189781
61.333292 1.189781
61.374958 1.189781
61.416625 1.186208
61.458292 1.186208
61.499958 1.186208
61.541625 1.186208
61.583292 1.189781
61.624958 1.189781
61.666625 1.193354
61.708292 1.193354
61.749958 1.196927
61.791625 1.196927
61.833292 1.196927
61.874958 1.196927
61.916625 1.200500
61.958292 1.200500
61.999958 1.200500
62.041625 1.200500
62.083292 1.200500
62.124958 1.200500
62.166625 1.196927
62.208292 1.193354
62.249958 1.189781
62.291625 1.189781
62.333292 1.196927
62.374958 1.200500
62.416625 1.196927
62.458292 1.193354
62.499958 1.200500
62.541625 1.200500
62.583292 1.193354
62.624958 1.193354
62.666625 1.196927
62.708292 1.200500
