0.000000 1.369583 0.016563
0.041667 1.369583 0.016032
0.083333 1.369583 0.016406
0.125000 1.369583 0.016612
0.166667 1.369583 0.016504
0.208333 1.369583 0.016584
0.250000 1.369583 0.016243
0.291667 1.369583 0.015610
0.333333 1.369583 0.014710
0.375000 1.369583 0.014378
0.416667 1.369583 0.014200
0.458333 1.369583 0.014063
0.500000 1.369583 0.014640
0.541667 1.369583 0.014531
0.583333 1.369583 0.014737
0.625000 1.369583 0.014897
0.666667 1.369583 0.015612
0.708333 1.365979 0.015499
0.750000 1.365979 0.015128
0.791667 1.365979 0.015629
0.833333 1.365979 0.016043
0.875000 1.365979 0.016573
0.916667 1.365979 0.016982
0.958333 1.362375 0.017528
1.000000 1.365979 0.017877
1.041667 1.365979 0.018385
1.083333 1.365979 0.019296
1.125000 1.365979 0.019769
1.166667 1.365979 0.020256
1.208333 1.365979 0.020660
1.250000 1.365979 0.020390
1.291667 1.362375 0.019735
1.333333 1.362375 0.019786
1.375000 1.362375 0.020217
1.416667 1.362375 0.020737
1.458333 1.362375 0.020462
1.500000 1.362375 0.018891
1.541667 1.362375 0.018879
1.583333 1.365979 0.020481
1.625000 1.365979 0.021348
1.666667 1.362375 0.018803
1.708333 1.358771 0.020433
1.750000 1.355167 0.022606
1.791667 1.347958 0.018598
1.833333 1.347958 0.017762
1.875000 1.355167 0.013416
1.916667 1.344354 0.017285
1.958333 1.337146 0.023881
2.000000 1.340750 0.022049
2.041667 1.337146 0.020068
2.083333 1.333542 0.015880
2.125000 1.329937 0.015494
2.166667 1.319125 0.015328
2.208333 1.326333 0.016387
2.250000 1.326333 0.016433
2.291667 1.329937 0.015290
2.333333 1.329937 0.019824
2.375000 1.344354 0.019485
2.416667 1.340750 0.017503
2.458333 1.351562 0.023474
2.500000 1.355167 0.020008
2.541667 1.358771 0.019759
2.583333 1.358771 0.022970
2.625000 1.358771 0.016681
2.666667 1.362375 0.019952
2.708333 1.351562 0.020095
2.750000 1.344354 0.019556
2.791667 1.344354 0.014428
2.833333 1.322729 0.010118
2.875000 1.333542 0.008867
2.916667 1.308312 0.006498
2.958333 1.326333 0.007156
3.000000 1.322729 0.006737
3.041667 1.322729 0.004995
3.083333 1.340750 0.007639
3.125000 1.326333 0.010525
3.166667 1.344354 0.013622
3.208333 1.347958 0.018492
3.250000 1.351562 0.017336
3.291667 1.351562 0.014523
3.333333 1.351562 0.020055
3.375000 1.347958 0.019224
3.416667 1.333542 0.020101
3.458333 1.333542 0.024512
3.500000 1.333542 0.017185
3.541667 1.322729 0.015037
3.583333 1.319125 0.011839
3.625000 1.308312 0.010549
3.666667 1.319125 0.015550
3.708333 1.326333 0.019998
3.750000 1.326333 0.015550
3.791667 1.333542 0.018864
3.833333 1.337146 0.023906
3.875000 1.344354 0.019329
3.916667 1.347958 0.020066
3.958333 1.340750 0.018821
4.000000 1.344354 0.022121
4.041667 1.326333 0.017347
4.083333 1.326333 0.010648
4.125000 1.304708 0.009223
4.166667 1.308312 0.007647
4.208333 1.308312 0.007575
4.250000 1.308312 0.009340
4.291667 1.311917 0.010664
4.333333 1.319125 0.010016
4.375000 1.319125 0.015525
4.416667 1.329937 0.018830
4.458333 1.333542 0.020110
4.500000 1.333542 0.016627
4.541667 1.337146 0.021725
4.583333 1.329937 0.024055
4.625000 1.329937 0.020089
4.666667 1.315521 0.016867
4.708333 1.315521 0.015388
4.750000 1.315521 0.013012
4.791667 1.301104 0.011210
4.833333 1.311917 0.011990
4.875000 1.308312 0.011188
4.916667 1.315521 0.013735
4.958333 1.315521 0.009980
5.000000 1.329937 0.013876
5.041667 1.337146 0.018213
5.083333 1.333542 0.017743
5.125000 1.340750 0.020844
5.166667 1.344354 0.025690
5.208333 1.337146 0.019825
5.250000 1.326333 0.018372
5.291667 1.333542 0.013981
5.333333 1.322729 0.008413
5.375000 1.319125 0.006840
5.416667 1.297500 0.008759
5.458333 1.311917 0.007841
5.500000 1.319125 0.011628
5.541667 1.315521 0.012327
5.583333 1.319125 0.013480
5.625000 1.326333 0.016512
5.666667 1.337146 0.018818
5.708333 1.333542 0.015893
5.750000 1.340750 0.025955
5.791667 1.333542 0.021261
5.833333 1.333542 0.023514
5.875000 1.333542 0.012768
5.916667 1.322729 0.012183
5.958333 1.326333 0.011715
6.000000 1.301104 0.007900
6.041667 1.322729 0.007077
6.083333 1.322729 0.005779
6.125000 1.340750 0.003318
6.166667 1.322729 0.008952
6.208333 1.326333 0.010364
6.250000 1.333542 0.012909
6.291667 1.333542 0.016950
6.333333 1.340750 0.016465
6.375000 1.340750 0.014586
6.416667 1.344354 0.019001
6.458333 1.333542 0.018685
6.500000 1.326333 0.018794
6.541667 1.319125 0.019650
6.583333 1.315521 0.014530
6.625000 1.304708 0.012799
6.666667 1.311917 0.013312
6.708333 1.304708 0.018292
6.750000 1.304708 0.017856
6.791667 1.315521 0.018775
6.833333 1.322729 0.025585
6.875000 1.329937 0.020380
6.916667 1.326333 0.020931
6.958333 1.326333 0.013603
7.000000 1.333542 0.022024
7.041667 1.322729 0.020212
7.083333 1.322729 0.018543
7.125000 1.322729 0.013943
7.166667 1.308312 0.008342
7.208333 1.308312 0.009605
7.250000 1.286687 0.009026
7.291667 1.308312 0.008722
7.333333 1.304708 0.006639
7.375000 1.304708 0.007434
7.416667 1.319125 0.007423
7.458333 1.319125 0.013768
7.500000 1.329937 0.016900
7.541667 1.326333 0.018239
7.583333 1.340750 0.018900
7.625000 1.337146 0.018974
7.666667 1.333542 0.018787
7.708333 1.333542 0.020429
7.750000 1.326333 0.017336
7.791667 1.315521 0.010719
7.833333 1.315521 0.008700
7.875000 1.297500 0.010374
7.916667 1.308312 0.010881
7.958333 1.319125 0.017275
8.000000 1.319125 0.019965
8.041667 1.319125 0.018507
8.083333 1.329937 0.022275
8.125000 1.333542 0.019648
8.166667 1.333542 0.021216
8.208333 1.329937 0.014877
8.250000 1.333542 0.024603
8.291667 1.322729 0.019146
8.333333 1.319125 0.015381
8.375000 1.322729 0.015453
8.416667 1.319125 0.009510
8.458333 1.301104 0.006929
8.500000 1.304708 0.005261
8.541667 1.293896 0.006075
8.583333 1.311917 0.004233
8.625000 1.315521 0.002955
8.666667 1.308312 0.006630
8.708333 1.301104 0.006929
8.750000 1.337146 0.013289
8.791667 1.329937 0.021304
8.833333 1.337146 0.021977
8.875000 1.337146 0.020483
8.916667 1.333542 0.018232
8.958333 1.326333 0.021392
9.000000 1.319125 0.021362
9.041667 1.301104 0.013080
9.083333 1.304708 0.017014
9.125000 1.293896 0.014881
9.166667 1.308312 0.016208
9.208333 1.308312 0.020164
9.250000 1.315521 0.017371
9.291667 1.308312 0.015587
9.333333 1.322729 0.024294
9.375000 1.304708 0.012209
9.416667 1.326333 0.021847
9.458333 1.319125 0.023081
9.500000 1.319125 0.028296
9.541667 1.311917 0.021595
9.583333 1.311917 0.020264
9.625000 1.293896 0.009635
9.666667 1.311917 0.009144
9.708333 1.297500 0.009367
9.750000 1.301104 0.007789
9.791667 1.301104 0.009696
9.833333 1.319125 0.004540
9.875000 1.311917 0.012858
9.916667 1.308312 0.012451
9.958333 1.319125 0.017860
10.000000 1.311917 0.019125
10.041667 1.326333 0.022023
10.083333 1.329937 0.018451
10.125000 1.326333 0.016352
10.166667 1.326333 0.013637
10.208333 1.319125 0.015886
10.250000 1.311917 0.016049
10.291667 1.308312 0.008923
10.333333 1.308312 0.010786
10.375000 1.290292 0.010601
10.416667 1.308312 0.008627
10.458333 1.293896 0.008446
10.500000 1.315521 0.013098
10.541667 1.322729 0.015720
10.583333 1.329937 0.022535
10.625000 1.329937 0.016858
10.666667 1.326333 0.013854
10.708333 1.333542 0.021645
10.750000 1.326333 0.014436
10.791667 1.322729 0.017376
10.833333 1.319125 0.022039
10.875000 1.315521 0.016546
10.916667 1.301104 0.016076
10.958333 1.297500 0.015100
11.000000 1.290292 0.012912
11.041667 1.297500 0.013943
11.083333 1.304708 0.016642
11.125000 1.315521 0.019016
11.166667 1.315521 0.022179
11.208333 1.319125 0.019388
11.250000 1.319125 0.020178
11.291667 1.322729 0.017457
11.333333 1.326333 0.022641
11.375000 1.315521 0.020321
11.416667 1.311917 0.013239
11.458333 1.311917 0.009755
11.500000 1.315521 0.003965
11.541667 1.268667 0.003869
11.583333 1.301104 0.004207
11.625000 1.286687 0.008241
11.666667 1.293896 0.004561
11.708333 1.304708 0.011197
11.750000 1.301104 0.014526
11.791667 1.311917 0.013466
11.833333 1.315521 0.020479
11.875000 1.322729 0.018222
11.916667 1.311917 0.011939
11.958333 1.315521 0.022903
12.000000 1.308312 0.016213
12.041667 1.308312 0.025544
12.083333 1.304708 0.014632
12.125000 1.293896 0.015723
12.166667 1.297500 0.012779
12.208333 1.293896 0.014072
12.250000 1.301104 0.012424
12.291667 1.304708 0.012712
12.333333 1.311917 0.012071
12.375000 1.308312 0.013851
12.416667 1.322729 0.020550
12.458333 1.326333 0.020093
12.500000 1.329937 0.019049
12.541667 1.326333 0.020150
12.583333 1.322729 0.021102
12.625000 1.326333 0.016185
12.666667 1.322729 0.014797
12.708333 1.308312 0.008022
12.750000 1.304708 0.009495
12.791667 1.308312 0.010843
12.833333 1.297500 0.011954
12.875000 1.301104 0.012098
12.916667 1.308312 0.015512
12.958333 1.311917 0.018850
13.000000 1.322729 0.015916
13.041667 1.322729 0.016654
13.083333 1.333542 0.016636
13.125000 1.322729 0.018766
13.166667 1.326333 0.022018
13.208333 1.319125 0.019064
13.250000 1.322729 0.020531
13.291667 1.315521 0.010082
13.333333 1.304708 0.009239
13.375000 1.308312 0.008276
13.416667 1.297500 0.007563
13.458333 1.297500 0.007600
13.500000 1.322729 0.004693
13.541667 1.304708 0.009331
13.583333 1.322729 0.013386
13.625000 1.319125 0.012326
13.666667 1.329937 0.017252
13.708333 1.326333 0.020508
13.750000 1.329937 0.021626
13.791667 1.326333 0.022244
13.833333 1.326333 0.022156
13.875000 1.322729 0.021385
13.916667 1.311917 0.011920
13.958333 1.311917 0.010796
14.000000 1.293896 0.011150
14.041667 1.308312 0.012495
14.083333 1.308312 0.015305
14.125000 1.308312 0.014033
14.166667 1.304708 0.015637
14.208333 1.322729 0.018780
14.250000 1.319125 0.015401
14.291667 1.326333 0.014082
14.333333 1.333542 0.020912
14.375000 1.322729 0.017997
14.416667 1.326333 0.021730
14.458333 1.315521 0.015756
14.500000 1.315521 0.009286
14.541667 1.308312 0.008443
14.583333 1.286687 0.005651
14.625000 1.301104 0.005187
14.666667 1.293896 0.004224
14.708333 1.290292 0.003993
14.750000 1.315521 0.008015
14.791667 1.304708 0.009870
14.833333 1.315521 0.014078
14.875000 1.319125 0.011996
14.916667 1.326333 0.017768
14.958333 1.322729 0.018467
15.000000 1.326333 0.017535
15.041667 1.319125 0.017924
15.083333 1.322729 0.018330
15.125000 1.319125 0.026920
15.166667 1.315521 0.015641
15.208333 1.301104 0.010025
15.250000 1.293896 0.011562
15.291667 1.304708 0.014424
15.333333 1.308312 0.017035
15.375000 1.304708 0.015797
15.416667 1.308312 0.021682
15.458333 1.319125 0.023068
15.500000 1.319125 0.019866
15.541667 1.319125 0.017209
15.583333 1.329937 0.022471
15.625000 1.319125 0.021219
15.666667 1.322729 0.025834
15.708333 1.308312 0.015165
15.750000 1.311917 0.009647
15.791667 1.304708 0.010622
15.833333 1.311917 0.007203
15.875000 1.290292 0.007889
15.916667 1.283083 0.005083
15.958333 1.322729 0.004003
16.000000 1.319125 0.006437
16.041667 1.308312 0.010348
16.083333 1.326333 0.011385
16.125000 1.319125 0.014649
16.166667 1.326333 0.015385
16.208333 1.326333 0.021422
16.250000 1.329937 0.019455
16.291667 1.322729 0.020546
16.333333 1.319125 0.018685
16.375000 1.319125 0.023839
16.416667 1.315521 0.015121
16.458333 1.297500 0.010635
16.500000 1.304708 0.009627
16.541667 1.286687 0.007245
16.583333 1.297500 0.010071
16.625000 1.293896 0.010641
16.666667 1.301104 0.016484
16.708333 1.308312 0.023286
16.750000 1.311917 0.017902
16.791667 1.311917 0.019068
16.833333 1.322729 0.019368
16.875000 1.308312 0.015064
16.916667 1.319125 0.021873
16.958333 1.301104 0.020653
17.000000 1.304708 0.023146
17.041667 1.297500 0.017794
17.083333 1.286687 0.015923
17.125000 1.290292 0.013174
17.166667 1.279479 0.012001
17.208333 1.279479 0.012810
17.250000 1.283083 0.013299
17.291667 1.297500 0.014069
17.333333 1.297500 0.018225
17.375000 1.304708 0.019536
17.416667 1.311917 0.017566
17.458333 1.315521 0.019886
17.500000 1.308312 0.020145
17.541667 1.308312 0.023017
17.583333 1.301104 0.017789
17.625000 1.301104 0.012509
17.666667 1.275875 0.007242
17.708333 1.286687 0.007362
17.750000 1.257854 0.007439
17.791667 1.290292 0.007501
17.833333 1.293896 0.007028
17.875000 1.279479 0.008354
17.916667 1.304708 0.015415
17.958333 1.304708 0.016488
18.000000 1.311917 0.018910
18.041667 1.315521 0.016829
18.083333 1.322729 0.025998
18.125000 1.315521 0.019083
18.166667 1.308312 0.025938
18.208333 1.308312 0.022058
18.250000 1.297500 0.015303
18.291667 1.293896 0.014778
18.333333 1.283083 0.013066
18.375000 1.286687 0.011261
18.416667 1.286687 0.013957
18.458333 1.297500 0.012856
18.500000 1.297500 0.014084
18.541667 1.301104 0.012005
18.583333 1.319125 0.017460
18.625000 1.322729 0.017840
18.666667 1.319125 0.015797
18.708333 1.319125 0.017276
18.750000 1.311917 0.016416
18.791667 1.311917 0.017346
18.833333 1.297500 0.012217
18.875000 1.308312 0.009718
18.916667 1.290292 0.006784
18.958333 1.283083 0.007465
19.000000 1.279479 0.006160
19.041667 1.297500 0.010583
19.083333 1.293896 0.006675
19.125000 1.286687 0.013297
19.166667 1.304708 0.017486
19.208333 1.304708 0.019923
19.250000 1.311917 0.016671
19.291667 1.308312 0.022241
19.333333 1.311917 0.021947
19.375000 1.301104 0.024706
19.416667 1.297500 0.023154
19.458333 1.293896 0.009796
19.500000 1.283083 0.014082
19.541667 1.279479 0.011860
19.583333 1.283083 0.008872
19.625000 1.283083 0.010588
19.666667 1.290292 0.010027
19.708333 1.279479 0.007271
19.750000 1.293896 0.011261
19.791667 1.308312 0.012256
19.833333 1.315521 0.014903
19.875000 1.319125 0.018333
19.916667 1.315521 0.016101
19.958333 1.315521 0.019282
20.000000 1.308312 0.018392
20.041667 1.308312 0.020345
20.083333 1.304708 0.013830
20.125000 1.290292 0.011531
20.166667 1.286687 0.010269
20.208333 1.290292 0.009019
20.250000 1.283083 0.014022
20.291667 1.279479 0.014542
20.333333 1.283083 0.015638
20.375000 1.293896 0.022495
20.416667 1.290292 0.017884
20.458333 1.304708 0.021750
20.500000 1.304708 0.024479
20.541667 1.297500 0.014131
20.583333 1.297500 0.024985
20.625000 1.304708 0.020959
20.666667 1.286687 0.010381
20.708333 1.293896 0.010028
20.750000 1.283083 0.012965
20.791667 1.279479 0.009370
20.833333 1.283083 0.010889
20.875000 1.290292 0.008203
20.916667 1.279479 0.009771
20.958333 1.308312 0.010713
21.000000 1.301104 0.010600
21.041667 1.301104 0.016671
21.083333 1.311917 0.015391
21.125000 1.311917 0.021836
21.166667 1.319125 0.018722
21.208333 1.315521 0.020185
21.250000 1.308312 0.021313
21.291667 1.297500 0.015819
21.333333 1.304708 0.013882
21.375000 1.290292 0.010805
21.416667 1.297500 0.010793
21.458333 1.286687 0.012270
21.500000 1.286687 0.014807
21.541667 1.293896 0.021161
21.583333 1.301104 0.017996
21.625000 1.301104 0.017806
21.666667 1.304708 0.019466
21.708333 1.308312 0.017422
21.750000 1.315521 0.025225
21.791667 1.304708 0.020992
21.833333 1.308312 0.021160
21.875000 1.304708 0.012023
21.916667 1.293896 0.010547
21.958333 1.304708 0.009145
22.000000 1.279479 0.009002
22.041667 1.308312 0.005443
22.083333 1.297500 0.007633
22.125000 1.311917 0.004399
22.166667 1.293896 0.005790
22.208333 1.308312 0.010884
22.250000 1.293896 0.012535
22.291667 1.315521 0.015340
22.333333 1.308312 0.018538
22.375000 1.315521 0.021505
22.416667 1.315521 0.025310
22.458333 1.308312 0.023410
22.500000 1.304708 0.020649
22.541667 1.297500 0.020051
22.583333 1.301104 0.015261
22.625000 1.283083 0.015294
22.666667 1.290292 0.015469
22.708333 1.283083 0.013203
22.750000 1.275875 0.013095
22.791667 1.293896 0.021250
22.833333 1.290292 0.014793
22.875000 1.297500 0.015954
22.916667 1.297500 0.018236
22.958333 1.301104 0.021348
23.000000 1.311917 0.032468
23.041667 1.304708 0.020586
23.083333 1.301104 0.024693
23.125000 1.297500 0.017129
23.166667 1.301104 0.011239
23.208333 1.279479 0.009375
23.250000 1.290292 0.011393
23.291667 1.268667 0.009381
23.333333 1.293896 0.007370
23.375000 1.272271 0.007453
23.416667 1.297500 0.007568
23.458333 1.297500 0.011188
23.500000 1.293896 0.016852
23.541667 1.301104 0.019544
23.583333 1.293896 0.017176
23.625000 1.304708 0.018837
23.666667 1.301104 0.021206
23.708333 1.293896 0.021605
23.750000 1.297500 0.023524
23.791667 1.279479 0.022160
23.833333 1.283083 0.011641
23.875000 1.275875 0.006314
23.916667 1.268667 0.012826
23.958333 1.268667 0.010559
24.000000 1.275875 0.014870
24.041667 1.265062 0.013312
24.083333 1.283083 0.020862
24.125000 1.286687 0.022048
24.166667 1.293896 0.021004
24.208333 1.304708 0.020468
24.250000 1.301104 0.010542
24.291667 1.297500 0.021188
24.333333 1.297500 0.021699
24.375000 1.283083 0.026186
24.416667 1.286687 0.020234
24.458333 1.283083 0.017473
24.500000 1.268667 0.022370
24.541667 1.268667 0.018052
24.583333 1.268667 0.020693
24.625000 1.272271 0.019815
24.666667 1.275875 0.022426
24.708333 1.290292 0.020151
24.750000 1.297500 0.020549
24.791667 1.301104 0.019362
24.833333 1.301104 0.018423
24.875000 1.301104 0.023494
24.916667 1.293896 0.018821
24.958333 1.293896 0.017100
25.000000 1.272271 0.006396
25.041667 1.265062 0.006871
25.083333 1.268667 0.005940
25.125000 1.275875 0.005369
25.166667 1.250646 0.006774
25.208333 1.232625 0.004552
25.250000 1.268667 0.008542
25.291667 1.272271 0.013097
25.333333 1.286687 0.014265
25.375000 1.290292 0.023886
25.416667 1.293896 0.017311
25.458333 1.297500 0.021298
25.500000 1.286687 0.016287
25.541667 1.286687 0.025571
25.583333 1.279479 0.022186
25.625000 1.279479 0.021317
25.666667 1.268667 0.016284
25.708333 1.272271 0.015992
25.750000 1.268667 0.014258
25.791667 1.265062 0.013695
25.833333 1.279479 0.017655
25.875000 1.279479 0.020188
25.916667 1.286687 0.020807
25.958333 1.293896 0.018162
26.000000 1.304708 0.016774
26.041667 1.301104 0.020208
26.083333 1.311917 0.025479
26.125000 1.301104 0.020408
26.166667 1.293896 0.018728
26.208333 1.297500 0.016055
26.250000 1.283083 0.010994
26.291667 1.286687 0.007544
26.333333 1.272271 0.007641
26.375000 1.283083 0.008370
26.416667 1.283083 0.011474
26.458333 1.283083 0.009648
26.500000 1.286687 0.015529
26.541667 1.293896 0.018177
26.583333 1.304708 0.016930
26.625000 1.308312 0.016094
26.666667 1.311917 0.027273
26.708333 1.304708 0.019734
26.750000 1.308312 0.023033
26.791667 1.301104 0.018485
26.833333 1.297500 0.010092
26.875000 1.286687 0.011193
26.916667 1.290292 0.009198
26.958333 1.279479 0.008855
27.000000 1.275875 0.004548
27.041667 1.279479 0.007129
27.083333 1.311917 0.005188
27.125000 1.293896 0.012200
27.166667 1.304708 0.011195
27.208333 1.304708 0.016198
27.250000 1.311917 0.018468
27.291667 1.304708 0.019662
27.333333 1.301104 0.019251
27.375000 1.308312 0.021529
27.416667 1.297500 0.024175
27.458333 1.293896 0.015369
27.500000 1.279479 0.015072
27.541667 1.283083 0.015811
27.583333 1.275875 0.010253
27.625000 1.272271 0.012214
27.666667 1.272271 0.015148
27.708333 1.279479 0.021562
27.750000 1.286687 0.022796
27.791667 1.293896 0.017956
27.833333 1.297500 0.019216
27.875000 1.293896 0.014276
27.916667 1.311917 0.028529
27.958333 1.304708 0.017659
28.000000 1.301104 0.025959
28.041667 1.297500 0.017283
28.083333 1.304708 0.009805
28.125000 1.272271 0.005582
28.166667 1.279479 0.009421
28.208333 1.275875 0.006162
28.250000 1.290292 0.004478
28.291667 1.301104 0.003187
28.333333 1.297500 0.008225
28.375000 1.283083 0.011787
28.416667 1.301104 0.012554
28.458333 1.293896 0.013621
28.500000 1.308312 0.018882
28.541667 1.308312 0.021979
28.583333 1.304708 0.018750
28.625000 1.301104 0.020595
28.666667 1.293896 0.021898
28.708333 1.290292 0.015919
28.750000 1.283083 0.011662
28.791667 1.275875 0.010932
28.833333 1.279479 0.009849
28.875000 1.275875 0.008339
28.916667 1.283083 0.012773
28.958333 1.283083 0.016164
29.000000 1.297500 0.022619
29.041667 1.293896 0.016296
29.083333 1.304708 0.017747
29.125000 1.293896 0.019082
29.166667 1.308312 0.027610
29.208333 1.297500 0.019447
29.250000 1.293896 0.021216
29.291667 1.297500 0.016491
29.333333 1.279479 0.011539
29.375000 1.290292 0.009584
29.416667 1.279479 0.008851
29.458333 1.279479 0.009418
29.500000 1.279479 0.008417
29.541667 1.283083 0.005600
29.583333 1.290292 0.007723
29.625000 1.297500 0.010686
29.666667 1.301104 0.012121
29.708333 1.297500 0.016195
29.750000 1.308312 0.015843
29.791667 1.304708 0.017803
29.833333 1.308312 0.020087
29.875000 1.304708 0.019711
29.916667 1.297500 0.025333
29.958333 1.297500 0.020538
30.000000 1.279479 0.011941
30.041667 1.254250 0.009107
30.083333 1.283083 0.012093
30.125000 1.279479 0.013640
30.166667 1.279479 0.015239
30.208333 1.286687 0.014936
30.250000 1.297500 0.018156
30.291667 1.293896 0.019579
30.333333 1.304708 0.022774
30.375000 1.297500 0.017463
30.416667 1.311917 0.026124
30.458333 1.293896 0.018196
30.500000 1.301104 0.024594
30.541667 1.293896 0.021097
30.583333 1.275875 0.013732
30.625000 1.286687 0.016855
30.666667 1.286687 0.012022
30.708333 1.283083 0.012238
30.750000 1.279479 0.014067
30.791667 1.283083 0.014542
30.833333 1.286687 0.013542
30.875000 1.301104 0.014825
30.916667 1.308312 0.019793
30.958333 1.308312 0.020218
31.000000 1.308312 0.018581
31.041667 1.301104 0.017987
31.083333 1.304708 0.018811
31.125000 1.297500 0.023135
31.166667 1.301104 0.012579
31.208333 1.283083 0.011142
31.250000 1.275875 0.008731
31.291667 1.283083 0.006545
31.333333 1.261458 0.008578
31.375000 1.243437 0.007929
31.416667 1.257854 0.007599
31.458333 1.279479 0.013303
31.500000 1.286687 0.017591
31.541667 1.290292 0.015252
31.583333 1.308312 0.017850
31.625000 1.293896 0.016290
31.666667 1.304708 0.026985
31.708333 1.290292 0.018772
31.750000 1.290292 0.029597
31.791667 1.290292 0.021858
31.833333 1.279479 0.016435
31.875000 1.279479 0.017436
31.916667 1.268667 0.016295
31.958333 1.275875 0.011829
32.000000 1.272271 0.013904
32.041667 1.286687 0.019004
32.083333 1.283083 0.019109
32.125000 1.297500 0.020470
32.166667 1.304708 0.017513
32.208333 1.311917 0.023070
32.250000 1.311917 0.020541
32.291667 1.304708 0.018721
32.333333 1.301104 0.016279
32.375000 1.286687 0.012329
32.416667 1.297500 0.011487
32.458333 1.257854 0.006668
32.500000 1.268667 0.005159
32.541667 1.286687 0.003577
32.583333 1.275875 0.006914
32.625000 1.272271 0.006094
32.666667 1.286687 0.009229
32.708333 1.290292 0.017912
32.750000 1.290292 0.015357
32.791667 1.308312 0.023358
32.833333 1.301104 0.019793
32.875000 1.308312 0.027546
32.916667 1.301104 0.019203
32.958333 1.293896 0.022708
33.000000 1.293896 0.016713
33.041667 1.290292 0.012355
33.083333 1.279479 0.011183
33.125000 1.279479 0.009011
33.166667 1.279479 0.011299
33.208333 1.283083 0.009143
33.250000 1.279479 0.006847
33.291667 1.304708 0.010446
33.333333 1.304708 0.013210
33.375000 1.301104 0.013988
33.416667 1.311917 0.019322
33.458333 1.315521 0.022808
33.500000 1.311917 0.018014
33.541667 1.308312 0.018842
33.583333 1.304708 0.013770
33.625000 1.293896 0.012358
33.666667 1.293896 0.007964
33.708333 1.286687 0.009046
33.750000 1.297500 0.007345
33.791667 1.279479 0.007668
33.833333 1.275875 0.008725
33.875000 1.279479 0.012246
33.916667 1.297500 0.017096
33.958333 1.290292 0.018217
34.000000 1.304708 0.019633
34.041667 1.311917 0.024823
34.083333 1.308312 0.020280
34.125000 1.311917 0.023613
34.166667 1.297500 0.019666
34.208333 1.297500 0.018520
34.250000 1.293896 0.013114
34.291667 1.297500 0.008911
34.333333 1.279479 0.007252
34.375000 1.275875 0.007482
34.416667 1.272271 0.004806
34.458333 1.275875 0.005793
34.500000 1.301104 0.004757
34.541667 1.290292 0.009507
34.583333 1.290292 0.013781
34.625000 1.308312 0.013576
34.666667 1.311917 0.021431
34.708333 1.311917 0.022705
34.750000 1.301104 0.018485
34.791667 1.308312 0.022290
34.833333 1.301104 0.022371
34.875000 1.290292 0.015300
34.916667 1.290292 0.014639
34.958333 1.286687 0.013712
35.000000 1.279479 0.014036
35.041667 1.272271 0.013096
35.083333 1.279479 0.018618
35.125000 1.290292 0.018134
35.166667 1.297500 0.024900
35.208333 1.297500 0.015730
35.250000 1.304708 0.021055
35.291667 1.301104 0.025147
35.333333 1.311917 0.026686
35.375000 1.297500 0.019921
35.416667 1.297500 0.022432
35.458333 1.297500 0.013483
35.500000 1.283083 0.009824
35.541667 1.286687 0.009239
35.583333 1.275875 0.008425
35.625000 1.286687 0.008357
35.666667 1.283083 0.006301
35.708333 1.293896 0.005994
35.750000 1.290292 0.008658
35.791667 1.301104 0.013325
35.833333 1.301104 0.013646
35.875000 1.308312 0.018576
35.916667 1.311917 0.019645
35.958333 1.308312 0.019479
36.000000 1.304708 0.021927
36.041667 1.293896 0.022411
36.083333 1.293896 0.024491
36.125000 1.283083 0.016004
36.166667 1.286687 0.015144
36.208333 1.275875 0.014130
36.250000 1.279479 0.013714
36.291667 1.283083 0.012879
36.333333 1.275875 0.013716
36.375000 1.279479 0.018540
36.416667 1.293896 0.021948
36.458333 1.290292 0.021135
36.500000 1.293896 0.018337
36.541667 1.311917 0.027607
36.583333 1.290292 0.016874
36.625000 1.297500 0.022059
36.666667 1.290292 0.022593
36.708333 1.290292 0.015458
36.750000 1.279479 0.017196
36.791667 1.279479 0.015230
36.833333 1.272271 0.013025
36.875000 1.275875 0.009180
36.916667 1.265062 0.010892
36.958333 1.301104 0.009190
37.000000 1.286687 0.011735
37.041667 1.293896 0.009704
37.083333 1.297500 0.012971
37.125000 1.297500 0.015287
37.166667 1.297500 0.017934
37.208333 1.304708 0.020854
37.250000 1.297500 0.022008
37.291667 1.293896 0.023657
37.333333 1.290292 0.024028
37.375000 1.283083 0.013595
37.416667 1.272271 0.009679
37.458333 1.275875 0.006833
37.500000 1.257854 0.007885
37.541667 1.268667 0.011727
37.583333 1.272271 0.012093
37.625000 1.283083 0.012214
37.666667 1.290292 0.020594
37.708333 1.290292 0.016459
37.750000 1.297500 0.020041
37.791667 1.308312 0.020817
37.833333 1.304708 0.017938
37.875000 1.293896 0.021770
37.916667 1.297500 0.025744
37.958333 1.283083 0.022116
38.000000 1.283083 0.018592
38.041667 1.275875 0.017181
38.083333 1.265062 0.015117
38.125000 1.268667 0.015489
38.166667 1.272271 0.016364
38.208333 1.279479 0.018362
38.250000 1.283083 0.016987
38.291667 1.290292 0.020818
38.333333 1.290292 0.016676
38.375000 1.301104 0.019583
38.416667 1.297500 0.018636
38.458333 1.301104 0.023342
38.500000 1.297500 0.020222
38.541667 1.301104 0.017217
38.583333 1.283083 0.010000
38.625000 1.286687 0.005595
38.666667 1.239833 0.004158
38.708333 1.268667 0.002594
38.750000 1.272271 0.005260
38.791667 1.265062 0.006528
38.833333 1.297500 0.005291
38.875000 1.275875 0.009718
38.916667 1.286687 0.012290
38.958333 1.290292 0.014998
39.000000 1.290292 0.017840
39.041667 1.297500 0.015363
39.083333 1.304708 0.023544
39.125000 1.297500 0.019849
39.166667 1.286687 0.026685
39.208333 1.286687 0.022062
39.250000 1.275875 0.014211
39.291667 1.268667 0.015959
39.333333 1.272271 0.017953
39.375000 1.261458 0.012598
39.416667 1.272271 0.015775
39.458333 1.279479 0.018649
39.500000 1.279479 0.017993
39.541667 1.286687 0.018890
39.583333 1.297500 0.018758
39.625000 1.297500 0.019976
39.666667 1.301104 0.017027
39.708333 1.301104 0.022024
39.750000 1.297500 0.020296
39.791667 1.293896 0.017989
39.833333 1.297500 0.013855
39.875000 1.283083 0.009849
39.916667 1.283083 0.004776
39.958333 1.268667 0.006055
40.000000 1.279479 0.009390
40.041667 1.275875 0.011260
40.083333 1.283083 0.014721
40.125000 1.283083 0.014265
40.166667 1.290292 0.013701
40.208333 1.290292 0.020398
40.250000 1.304708 0.020813
40.291667 1.290292 0.014312
40.333333 1.304708 0.027720
40.375000 1.297500 0.018583
40.416667 1.293896 0.023083
40.458333 1.301104 0.017816
40.500000 1.279479 0.011886
40.541667 1.286687 0.012945
40.583333 1.279479 0.007616
40.625000 1.283083 0.007980
40.666667 1.283083 0.007990
40.708333 1.297500 0.006119
40.750000 1.304708 0.004737
40.791667 1.301104 0.012468
40.833333 1.304708 0.011507
40.875000 1.315521 0.010272
40.916667 1.315521 0.017196
40.958333 1.319125 0.020934
41.000000 1.311917 0.018926
41.041667 1.315521 0.019199
41.083333 1.311917 0.019304
41.125000 1.311917 0.016129
41.166667 1.301104 0.015963
41.208333 1.304708 0.016914
41.250000 1.297500 0.016664
41.291667 1.286687 0.012397
41.333333 1.286687 0.011894
41.375000 1.301104 0.021062
41.416667 1.308312 0.015769
41.458333 1.315521 0.021656
41.500000 1.315521 0.017152
41.541667 1.319125 0.014676
41.583333 1.333542 0.026059
41.625000 1.319125 0.016434
41.666667 1.319125 0.021045
41.708333 1.322729 0.019374
41.750000 1.301104 0.011741
41.791667 1.319125 0.011505
41.833333 1.301104 0.007936
41.875000 1.308312 0.009422
41.916667 1.286687 0.008075
41.958333 1.293896 0.007554
42.000000 1.275875 0.006418
42.041667 1.315521 0.007084
42.083333 1.308312 0.009876
42.125000 1.315521 0.012243
42.166667 1.315521 0.017242
42.208333 1.315521 0.020330
42.250000 1.319125 0.021230
42.291667 1.315521 0.021720
42.333333 1.304708 0.017130
42.375000 1.311917 0.021550
42.416667 1.297500 0.019814
42.458333 1.301104 0.011648
42.500000 1.279479 0.010004
42.541667 1.297500 0.011840
42.583333 1.290292 0.012573
42.625000 1.290292 0.012954
42.666667 1.297500 0.013568
42.708333 1.290292 0.015684
42.750000 1.311917 0.023677
42.791667 1.304708 0.017856
42.833333 1.315521 0.014174
42.875000 1.322729 0.026498
42.916667 1.319125 0.020604
42.958333 1.308312 0.018910
43.000000 1.304708 0.025173
43.041667 1.304708 0.012919
43.083333 1.283083 0.009122
43.125000 1.286687 0.011167
43.166667 1.286687 0.007188
43.208333 1.283083 0.010734
43.250000 1.283083 0.007813
43.291667 1.293896 0.009641
43.333333 1.286687 0.006648
43.375000 1.308312 0.010984
43.416667 1.286687 0.009958
43.458333 1.304708 0.017429
43.500000 1.301104 0.016405
43.541667 1.301104 0.022937
43.583333 1.304708 0.020731
43.625000 1.301104 0.019679
43.666667 1.304708 0.022571
43.708333 1.301104 0.018837
43.750000 1.286687 0.012328
43.791667 1.297500 0.008212
43.833333 1.279479 0.011758
43.875000 1.275875 0.009659
43.916667 1.283083 0.015602
43.958333 1.286687 0.013538
44.000000 1.297500 0.015371
44.041667 1.301104 0.019311
44.083333 1.304708 0.020951
44.125000 1.304708 0.015841
44.166667 1.311917 0.024340
44.208333 1.297500 0.018833
44.250000 1.304708 0.024165
44.291667 1.308312 0.024596
44.333333 1.293896 0.016402
44.375000 1.293896 0.010993
44.416667 1.283083 0.013619
44.458333 1.290292 0.013120
44.500000 1.279479 0.013039
44.541667 1.279479 0.010927
44.583333 1.290292 0.013736
44.625000 1.290292 0.011148
44.666667 1.308312 0.016912
44.708333 1.301104 0.014825
44.750000 1.311917 0.017062
44.791667 1.308312 0.017149
44.833333 1.315521 0.022221
44.875000 1.308312 0.021484
44.916667 1.308312 0.022453
44.958333 1.297500 0.017406
45.000000 1.304708 0.012998
45.041667 1.286687 0.009892
45.083333 1.293896 0.006193
45.125000 1.272271 0.007169
45.166667 1.290292 0.004793
45.208333 1.293896 0.007512
45.250000 1.279479 0.007021
45.291667 1.304708 0.012112
45.333333 1.301104 0.012317
45.375000 1.308312 0.016867
45.416667 1.308312 0.017048
45.458333 1.311917 0.019479
45.500000 1.319125 0.026321
45.541667 1.308312 0.021341
45.583333 1.301104 0.025028
45.625000 1.301104 0.023732
45.666667 1.297500 0.010796
45.708333 1.283083 0.013143
45.750000 1.279479 0.009962
45.791667 1.272271 0.006936
45.833333 1.283083 0.007736
45.875000 1.279479 0.009558
45.916667 1.297500 0.014219
45.958333 1.293896 0.012993
46.000000 1.308312 0.017763
46.041667 1.311917 0.019932
46.083333 1.311917 0.025292
46.125000 1.308312 0.020396
46.166667 1.304708 0.019697
46.208333 1.304708 0.018485
46.250000 1.301104 0.017604
46.291667 1.290292 0.011940
46.333333 1.286687 0.010094
46.375000 1.286687 0.009121
46.416667 1.275875 0.011571
46.458333 1.268667 0.010217
46.500000 1.275875 0.012250
46.541667 1.290292 0.020635
46.583333 1.293896 0.021803
46.625000 1.304708 0.015299
46.666667 1.308312 0.018455
46.708333 1.304708 0.012461
46.750000 1.311917 0.025292
46.791667 1.301104 0.018888
46.833333 1.308312 0.021290
46.875000 1.304708 0.017877
46.916667 1.293896 0.011203
46.958333 1.290292 0.008366
47.000000 1.293896 0.008124
47.041667 1.283083 0.009903
47.083333 1.275875 0.009424
47.125000 1.283083 0.011290
47.166667 1.293896 0.007064
47.208333 1.301104 0.011454
47.250000 1.301104 0.011911
47.291667 1.311917 0.014342
47.333333 1.311917 0.022927
47.375000 1.311917 0.021707
47.416667 1.304708 0.020295
47.458333 1.301104 0.021359
47.500000 1.304708 0.022051
47.541667 1.290292 0.017801
47.583333 1.290292 0.016068
47.625000 1.283083 0.011441
47.666667 1.272271 0.011823
47.708333 1.272271 0.011178
47.750000 1.272271 0.010740
47.791667 1.290292 0.019544
47.833333 1.290292 0.018946
47.875000 1.304708 0.023356
47.916667 1.301104 0.017529
47.958333 1.308312 0.012297
48.000000 1.308312 0.023385
48.041667 1.311917 0.021410
48.083333 1.301104 0.019139
48.125000 1.293896 0.019238
48.166667 1.304708 0.011360
48.208333 1.283083 0.008336
48.250000 1.283083 0.007683
48.291667 1.279479 0.006598
48.333333 1.275875 0.009695
48.375000 1.283083 0.008463
48.416667 1.286687 0.005531
48.458333 1.301104 0.009104
48.500000 1.286687 0.009917
48.541667 1.308312 0.012913
48.583333 1.308312 0.016410
48.625000 1.308312 0.022940
48.666667 1.308312 0.019210
48.708333 1.304708 0.019607
48.750000 1.297500 0.022035
48.791667 1.290292 0.023145
48.833333 1.290292 0.017117
48.875000 1.272271 0.012703
48.916667 1.279479 0.013636
48.958333 1.272271 0.012412
49.000000 1.268667 0.011693
49.041667 1.283083 0.016864
49.083333 1.290292 0.017283
49.125000 1.297500 0.029354
49.166667 1.301104 0.018240
49.208333 1.304708 0.016346
49.250000 1.308312 0.026813
49.291667 1.315521 0.021204
49.333333 1.301104 0.019071
49.375000 1.297500 0.023293
49.416667 1.297500 0.010462
49.458333 1.283083 0.009983
49.500000 1.297500 0.009251
49.541667 1.275875 0.012370
49.583333 1.283083 0.010724
49.625000 1.275875 0.008289
49.666667 1.268667 0.005487
49.708333 1.293896 0.007041
49.750000 1.275875 0.011148
49.791667 1.275875 0.006837
49.833333 1.283083 0.011408
49.875000 1.297500 0.011713
49.916667 1.293896 0.018104
49.958333 1.297500 0.022345
50.000000 1.293896 0.020453
50.041667 1.286687 0.022566
50.083333 1.286687 0.011096
50.125000 1.261458 0.008437
50.166667 1.272271 0.010113
50.208333 1.265062 0.009487
50.250000 1.257854 0.009491
50.291667 1.261458 0.011282
50.333333 1.272271 0.013213
50.375000 1.283083 0.022748
50.416667 1.293896 0.035203
50.458333 1.290292 0.020371
50.500000 1.290292 0.009552
50.541667 1.304708 0.023552
50.583333 1.301104 0.017931
50.625000 1.293896 0.020450
50.666667 1.286687 0.025699
50.708333 1.290292 0.016238
50.750000 1.272271 0.012790
50.791667 1.272271 0.016763
50.833333 1.265062 0.011170
50.875000 1.272271 0.008232
50.916667 1.272271 0.008830
50.958333 1.275875 0.013234
51.000000 1.279479 0.015258
51.041667 1.283083 0.011882
51.083333 1.297500 0.016848
51.125000 1.293896 0.018993
51.166667 1.301104 0.021836
51.208333 1.297500 0.021653
51.250000 1.297500 0.019672
51.291667 1.293896 0.017784
51.333333 1.283083 0.015232
51.375000 1.279479 0.008982
51.416667 1.275875 0.009554
51.458333 1.247042 0.007042
51.500000 1.279479 0.007721
51.541667 1.265062 0.007339
51.583333 1.279479 0.011076
51.625000 1.286687 0.009128
51.666667 1.283083 0.014613
51.708333 1.297500 0.019009
51.750000 1.293896 0.016498
51.791667 1.304708 0.014518
51.833333 1.293896 0.015125
51.875000 1.301104 0.025656
51.916667 1.293896 0.019287
51.958333 1.290292 0.026117
52.000000 1.290292 0.024243
52.041667 1.290292 0.014806
52.083333 1.275875 0.011039
52.125000 1.272271 0.014356
52.166667 1.265062 0.010177
52.208333 1.272271 0.014058
52.250000 1.275875 0.018003
52.291667 1.293896 0.016972
52.333333 1.286687 0.013843
52.375000 1.297500 0.020778
52.416667 1.304708 0.020986
52.458333 1.304708 0.023363
52.500000 1.308312 0.019238
52.541667 1.304708 0.021420
52.583333 1.290292 0.018512
52.625000 1.293896 0.016791
52.666667 1.283083 0.010745
52.708333 1.265062 0.008572
52.750000 1.279479 0.007494
52.791667 1.265062 0.009957
52.833333 1.265062 0.008470
52.875000 1.254250 0.007198
52.916667 1.283083 0.015407
52.958333 1.283083 0.017887
53.000000 1.290292 0.015809
53.041667 1.293896 0.023508
53.083333 1.304708 0.020557
53.125000 1.297500 0.019753
53.166667 1.304708 0.021300
53.208333 1.290292 0.020856
53.250000 1.283083 0.017627
53.291667 1.283083 0.014203
53.333333 1.283083 0.008386
53.375000 1.275875 0.005530
53.416667 1.265062 0.008372
53.458333 1.257854 0.007709
53.500000 1.268667 0.008602
53.541667 1.283083 0.005197
53.583333 1.293896 0.007428
53.625000 1.297500 0.015190
53.666667 1.293896 0.014925
53.708333 1.304708 0.024332
53.750000 1.297500 0.021541
53.791667 1.293896 0.016298
53.833333 1.293896 0.018945
53.875000 1.279479 0.017996
53.916667 1.279479 0.013996
53.958333 1.268667 0.007149
54.000000 1.257854 0.006911
54.041667 1.268667 0.008509
54.083333 1.254250 0.008267
54.125000 1.265062 0.009383
54.166667 1.272271 0.013700
54.208333 1.275875 0.017972
54.250000 1.283083 0.017748
54.291667 1.286687 0.019101
54.333333 1.297500 0.029389
54.375000 1.293896 0.021845
54.416667 1.293896 0.026039
54.458333 1.293896 0.022099
54.500000 1.283083 0.012653
54.541667 1.279479 0.011984
54.583333 1.283083 0.008167
54.625000 1.275875 0.008102
54.666667 1.268667 0.009035
54.708333 1.275875 0.007344
54.750000 1.275875 0.005228
54.791667 1.268667 0.005775
54.833333 1.304708 0.005544
54.875000 1.293896 0.010599
54.916667 1.286687 0.010353
54.958333 1.304708 0.011904
55.000000 1.301104 0.019783
55.041667 1.297500 0.025014
55.083333 1.290292 0.019183
55.125000 1.293896 0.018269
55.166667 1.290292 0.023768
55.208333 1.286687 0.016265
55.250000 1.286687 0.012080
55.291667 1.272271 0.012098
55.333333 1.275875 0.011299
55.375000 1.275875 0.016626
55.416667 1.272271 0.013536
55.458333 1.286687 0.018532
55.500000 1.275875 0.014559
55.541667 1.293896 0.024473
55.583333 1.290292 0.023101
55.625000 1.297500 0.029110
55.666667 1.293896 0.017772
55.708333 1.297500 0.023044
55.750000 1.290292 0.020756
55.791667 1.283083 0.010002
55.833333 1.268667 0.007883
55.875000 1.279479 0.004184
55.916667 1.254250 0.005871
55.958333 1.279479 0.004406
56.000000 1.268667 0.006034
56.041667 1.268667 0.004977
56.083333 1.297500 0.003744
56.125000 1.290292 0.007458
56.166667 1.279479 0.009712
56.208333 1.293896 0.013132
56.250000 1.286687 0.012411
56.291667 1.301104 0.016880
56.333333 1.301104 0.022461
56.375000 1.301104 0.024623
56.416667 1.297500 0.023750
56.458333 1.290292 0.023925
56.500000 1.286687 0.017993
56.541667 1.275875 0.014849
56.583333 1.279479 0.013389
56.625000 1.272271 0.016760
56.666667 1.272271 0.015318
56.708333 1.265062 0.012806
56.750000 1.275875 0.014111
56.791667 1.286687 0.018333
56.833333 1.283083 0.017853
56.875000 1.293896 0.022384
56.916667 1.293896 0.027806
56.958333 1.297500 0.019012
57.000000 1.297500 0.023461
57.041667 1.304708 0.022398
57.083333 1.290292 0.017857
57.125000 1.283083 0.010689
57.166667 1.286687 0.010432
57.208333 1.279479 0.007183
57.250000 1.279479 0.008631
57.291667 1.265062 0.009588
57.333333 1.257854 0.007214
57.375000 1.272271 0.007818
57.416667 1.275875 0.007474
57.458333 1.297500 0.008651
57.500000 1.283083 0.011547
57.541667 1.293896 0.013663
57.583333 1.286687 0.014486
57.625000 1.293896 0.022384
57.666667 1.290292 0.019706
57.708333 1.283083 0.018678
57.750000 1.283083 0.020803
57.791667 1.283083 0.021227
57.833333 1.283083 0.014644
57.875000 1.268667 0.013810
57.916667 1.275875 0.011653
57.958333 1.265062 0.010892
58.000000 1.257854 0.013066
58.041667 1.268667 0.011404
58.083333 1.279479 0.022791
58.125000 1.283083 0.017503
58.166667 1.290292 0.025974
58.208333 1.290292 0.019001
58.250000 1.301104 0.022316
58.291667 1.293896 0.019318
58.333333 1.308312 0.024803
58.375000 1.286687 0.018738
58.416667 1.283083 0.021741
58.458333 1.283083 0.017942
58.500000 1.290292 0.013486
58.541667 1.268667 0.012815
58.583333 1.268667 0.014665
58.625000 1.272271 0.012187
58.666667 1.272271 0.011882
58.708333 1.283083 0.013218
58.750000 1.286687 0.015104
58.791667 1.301104 0.016436
58.833333 1.301104 0.017526
58.875000 1.301104 0.019816
58.916667 1.308312 0.023603
58.958333 1.308312 0.016343
59.000000 1.304708 0.017677
59.041667 1.293896 0.016375
59.083333 1.290292 0.013521
59.125000 1.286687 0.011116
59.166667 1.290292 0.006728
59.208333 1.265062 0.007576
59.250000 1.272271 0.007936
59.291667 1.257854 0.007696
59.333333 1.265062 0.009183
59.375000 1.283083 0.012395
59.416667 1.279479 0.010958
59.458333 1.297500 0.018703
59.500000 1.290292 0.015849
59.541667 1.304708 0.023732
59.583333 1.297500 0.018937
59.625000 1.297500 0.023752
59.666667 1.293896 0.018892
59.708333 1.286687 0.020914
59.750000 1.286687 0.013264
59.791667 1.275875 0.010738
59.833333 1.275875 0.014097
59.875000 1.268667 0.008719
59.916667 1.272271 0.010148
59.958333 1.268667 0.012059
60.000000 1.279479 0.010955
60.041667 1.275875 0.015586
60.083333 1.286687 0.014836
60.125000 1.297500 0.013286
60.166667 1.301104 0.020306
60.208333 1.301104 0.023857
60.250000 1.297500 0.018379
60.291667 1.293896 0.018770
60.333333 1.293896 0.017875
60.375000 1.290292 0.016704
60.416667 1.272271 0.009889
60.458333 1.272271 0.009352
60.500000 1.275875 0.005735
60.541667 1.261458 0.007054
60.583333 1.254250 0.007933
60.625000 1.268667 0.011867
60.666667 1.275875 0.012443
60.708333 1.283083 0.016602
60.750000 1.290292 0.014951
60.791667 1.286687 0.020548
60.833333 1.301104 0.030138
60.875000 1.297500 0.017742
60.916667 1.293896 0.022099
60.958333 1.290292 0.019842
61.000000 1.283083 0.007792
61.041667 1.272271 0.007662
61.083333 1.283083 0.009591
61.125000 1.265062 0.007099
61.166667 1.275875 0.008956
61.208333 1.268667 0.010984
61.250000 1.275875 0.009034
61.291667 1.272271 0.010016
61.333333 1.293896 0.008488
61.375000 1.283083 0.012526
61.416667 1.297500 0.012257
61.458333 1.297500 0.017317
61.500000 1.301104 0.024834
61.541667 1.301104 0.020131
61.583333 1.293896 0.019358
61.625000 1.279479 0.018095
61.666667 1.290292 0.012620
61.708333 1.275875 0.012129
61.750000 1.268667 0.009006
61.791667 1.268667 0.009585
61.833333 1.268667 0.008251
61.875000 1.261458 0.008811
61.916667 1.275875 0.013944
61.958333 1.283083 0.019406
62.000000 1.290292 0.016135
62.041667 1.290292 0.021622
62.083333 1.301104 0.028525
62.125000 1.301104 0.019135
62.166667 1.301104 0.021005
62.208333 1.301104 0.018585
62.250000 1.293896 0.012627
62.291667 1.279479 0.009766
62.333333 1.293896 0.007424
62.375000 1.283083 0.004030
62.416667 1.272271 0.004305
62.458333 1.301104 0.004206
62.500000 1.286687 0.003702
62.541667 1.247042 0.003484
62.583333 1.290292 0.006531
62.625000 1.275875 0.008989
62.666667 1.290292 0.013500
62.708333 1.286687 0.013679
62.750000 1.304708 0.014863
62.791667 1.293896 0.020970
62.833333 1.290292 0.019722
62.875000 1.290292 0.018416
62.916667 1.283083 0.023134
62.958333 1.283083 0.018068
63.000000 1.265062 0.012126
63.041667 1.265062 0.011130
63.083333 1.243437 0.008168
63.125000 1.268667 0.010564
63.166667 1.265062 0.011819
63.208333 1.272271 0.016166
63.250000 1.268667 0.015839
63.291667 1.283083 0.026173
63.333333 1.283083 0.018913
63.375000 1.293896 0.026590
63.416667 1.286687 0.017897
63.458333 1.293896 0.025112
63.500000 1.301104 0.021548
63.541667 1.279479 0.017555
63.583333 1.290292 0.016762
63.625000 1.286687 0.014699
63.666667 1.293896 0.009626
63.708333 1.272271 0.008671
63.750000 1.283083 0.007559
63.791667 1.272271 0.009810
63.833333 1.272271 0.011438
63.875000 1.279479 0.009620
63.916667 1.268667 0.010086
63.958333 1.286687 0.014618
64.000000 1.283083 0.011358
64.041667 1.297500 0.014760
64.083333 1.293896 0.017790
64.125000 1.290292 0.024296
64.166667 1.290292 0.025013
64.208333 1.286687 0.018336
64.250000 1.286687 0.013928
64.291667 1.286687 0.014278
64.333333 1.272271 0.014889
64.375000 1.275875 0.009891
64.416667 1.268667 0.005560
64.458333 1.268667 0.005610
64.500000 1.257854 0.008084
64.541667 1.272271 0.008926
64.583333 1.286687 0.014188
64.625000 1.293896 0.012091
64.666667 1.272271 0.009947
64.708333 1.293896 0.008638
64.750000 1.286687 0.008138
64.791667 1.290292 0.010904
64.833333 1.279479 0.008555
64.875000 1.283083 0.009956
64.916667 1.283083 0.012078
64.958333 1.283083 0.012239
65.000000 1.286687 0.017462
65.041667 1.283083 0.016993
65.083333 1.286687 0.014680
65.125000 1.290292 0.013425
65.166667 1.290292 0.015992
65.208333 1.293896 0.022546
65.250000 1.293896 0.024733
65.291667 1.293896 0.026423
65.333333 1.290292 0.026480
65.375000 1.290292 0.023892
65.416667 1.293896 0.025462
65.458333 1.290292 0.025928
65.500000 1.286687 0.025247
65.541667 1.286687 0.024004
65.583333 1.286687 0.023964
65.625000 1.286687 0.023200
65.666667 1.286687 0.022482
65.708333 1.286687 0.022947
65.750000 1.286687 0.023732
65.791667 1.283083 0.022916
65.833333 1.283083 0.023293
65.875000 1.279479 0.023973
65.916667 1.279479 0.022978
65.958333 1.275875 0.022662
66.000000 1.275875 0.022377
66.041667 1.275875 0.021103
66.083333 1.275875 0.020300
66.125000 1.275875 0.018706
66.166667 1.275875 0.018139
66.208333 1.275875 0.017566
66.250000 1.275875 0.016986
66.291667 1.275875 0.016188
66.333333 1.275875 0.015434
66.375000 1.272271 0.015638
66.416667 1.272271 0.015573
66.458333 1.272271 0.016448
66.500000 1.275875 0.016156
66.541667 1.275875 0.015313
66.583333 1.275875 0.015018
66.625000 1.275875 0.015441
66.666667 1.279479 0.015796
66.708333 1.279479 0.015845
66.750000 1.275875 0.015511
66.791667 1.275875 0.015436
66.833333 1.272271 0.016098
66.875000 1.272271 0.016725
66.916667 1.272271 0.016478
66.958333 1.272271 0.015403
